1 data type
#t
#x  (utm)
#y  (utm)
#z	(m)
#ux	(m)
#uy	(m)
#uz	(m)
#sxx (m)
#sxy (m)
#sxz (m)
#syx (m)
#syy (m)
#syz (m)
#szx (m)
#szy (m)
#szz (m)
20110309 261990.23 2144338.23 1105.026 -0.004796 0.053584 -0.030611 2.408908e-006 1.400045e-007 1.233634e-006 1.400045e-007 8.647728e-006 -1.239891e-005 1.233634e-006 -1.239891e-005 3.893751e-005 AHUP
20110309 262675.27 2147967.47 1099.115 -0.071826 -0.012295 -0.066870 6.473886e-006 1.542248e-006 7.592661e-006 1.542248e-006 4.644352e-006 3.101029e-007 7.592661e-006 3.101029e-007 3.495974e-005 BYRL
20110309 257855.18 2145847.01 1000.000 0.021954 0.015169 -0.006269 2.599203e-006 3.223011e-007 1.268521e-006 3.223011e-007 2.070094e-006 -2.057727e-006 1.268521e-006 -2.057727e-006 2.577018e-005 CNPK
20110309 261208.00 2146140.69 1147.695 -0.024636 0.090831 -0.069442 3.843654e-006 -3.915683e-006 2.722354e-006 -3.915683e-006 1.247919e-005 -7.508621e-006 2.722354e-006 -7.508621e-006 2.938126e-005 CRIM
20110309 260620.27 2147137.90 1130.628 -0.010381 0.063456 -0.147026 3.361653e-006 -2.018742e-006 4.260464e-006 -2.018742e-006 8.629725e-006 -8.504280e-006 4.260464e-006 -8.504280e-006 5.030895e-005 HOVL
20110309 260472.93 2148031.43 1134.355 0.025023 -0.042066 -0.158987 3.213487e-006 -1.061966e-006 -2.693516e-006 -1.061966e-006 4.907535e-006 5.200845e-006 -2.693516e-006 5.200845e-006 5.818700e-005 NPIT
20110309 260455.23 2145224.71 1106.186 0.007836 0.058580 -0.029585 4.996741e-006 -1.804483e-007 4.741877e-008 -1.804483e-007 5.126726e-006 -4.388747e-006 4.741877e-008 -4.388747e-006 2.677543e-005 OUTL
20110309 259421.89 2148996.94 1257.627 0.063690 -0.064300 -0.046555 6.654891e-006 -3.752308e-006 -2.173366e-006 -3.752308e-006 5.372855e-006 2.291137e-006 -2.173366e-006 2.291137e-006 3.417910e-005 UWEV